0,512
64,7
64,6
0,511
0,510
0,509
0,508
0,507
0,506
0,505
0,504
0,415
0,413
38,35
38,2
38,0
0,267
0,266
0,262
0,261
0,260
0,259
0,257
0,256
0,255
0,254
0,450
0,253
0,449
0,252
0,251
0,250
0,249
0,248
0,247
0,246
0,245
0,244
0,242
0,241
0,439
0,240
0,438
0,239
0,436
0,238
0,435
0,237
0,437
0,236
0,434
0,235
0,432
0,234
0,431
0,233
0,433
0,232
0,430
0,231
0,429
0,230
0,428
0,229
0,427
0,228
0,426
0,227
0,425
0,226
0,424
0,225
0,423
0,224
0,223
0,222
0,420
0,221
0,419
0,220
0,219
0,417
0,218
0,416
0,217
0,216
0,414
0,215
0,214
0,412
0,213
0,411
0,212
0,410
0,211
0,409
0,210
0,408
0,209
0,407
0,208
0,406
0,405
0,404
0,308
0,201
0,306
0,200
0,304
0,199
0,302
0,198
0,59
0,58
0,316
0,57
0,393
0,56
0,55
0,54
0,400
0,53
0,50
0,313
0,49
0,46
0,45
38,34
38,33
38,32
38,31
38,30
38,29
38,28
38,27
38,26
38,25
38,24
38,23
38,22
